4 0.079570 0.530574 0.054857 0.071304
4 0.820723 0.461985 0.048659 0.061479
4 0.965618 0.528328 0.059128 0.080454
3 0.349183 0.821584 0.050391 0.079751
4 0.083014 0.054885 0.053242 0.082222
4 0.128727 0.862646 0.052376 0.076660
4 0.637482 0.112693 0.056546 0.090532
4 0.469333 0.519958 0.057559 0.092407
4 0.548945 0.829841 0.066953 0.076743
4 0.330225 0.653711 0.050618 0.088379
4 0.954688 0.248528 0.069922 0.065737
4 0.651589 0.931738 0.039727 0.067285
4 0.659269 0.047998 0.053408 0.079756
4 0.595068 0.865552 0.052051 0.073584
4 0.234779 0.396062 0.062917 0.065200
4 0.418027 0.576484 0.059232 0.076426
6 0.292791 0.354392 0.076266 0.064458
4 0.681566 0.627654 0.061849 0.074868
4 0.164551 0.656780 0.075456 0.071694
4 0.846903 0.672556 0.058473 0.069438
4 0.256104 0.437695 0.055111 0.066699
4 0.557617 0.310791 0.069076 0.063281
4 0.426177 0.535632 0.057607 0.072681
4 0.928678 0.731553 0.051497 0.074004
4 0.987516 0.754402 0.024967 0.069419
4 0.873910 0.888813 0.099121 0.048936
4 0.602694 0.653259 0.060856 0.079751
4 0.340299 0.361938 0.050977 0.081201
4 0.393143 0.239290 0.084202 0.062563
4 0.654481 0.016184 0.069619 0.032368
4 0.720858 0.020627 0.053597 0.041255
4 0.013478 0.344634 0.026956 0.069482
4 0.024404 0.277021 0.048809 0.069482
5 0.080197 0.220957 0.051325 0.070000
4 0.691125 0.977148 0.054925 0.045703
4 0.347443 0.030566 0.046650 0.061133
4 0.968490 0.948828 0.063021 0.069824
4 0.263071 0.148450 0.053154 0.075757
4 0.417738 0.388987 0.059967 0.071616
4 0.805999 0.261504 0.058900 0.087891
4 0.315827 0.139976 0.052917 0.070049
4 0.405929 0.850415 0.043838 0.055850
4 0.523551 0.607837 0.060840 0.078467
4 0.269683 0.061440 0.052171 0.096748
4 0.786947 0.177173 0.041406 0.070264
4 0.213239 0.098496 0.054382 0.088066
4 0.432145 0.326050 0.079590 0.053955
4 0.402035 0.451929 0.062858 0.062256
4 0.046546 0.426260 0.060026 0.057344
4 0.770122 0.545623 0.056956 0.082261
4 0.124349 0.338794 0.088542 0.069482
4 0.066764 0.766064 0.044987 0.084082
4 0.146159 0.771191 0.050000 0.070703
4 0.282357 0.698364 0.046615 0.085986
4 0.608913 0.937512 0.053138 0.079751
4 0.559163 0.520823 0.050228 0.074868
4 0.849093 0.259282 0.070693 0.090342
4 0.776247 0.805037 0.051478 0.066196
4 0.345003 0.602563 0.061816 0.065283
4 0.572591 0.752246 0.064453 0.068262
4 0.476595 0.455554 0.039909 0.068823
