2 0.321191 0.673689 0.068555 0.076060
0 0.735758 0.428291 0.048991 0.078457
0 0.341502 0.170078 0.052601 0.076152
2 0.051154 0.434070 0.058148 0.083325
4 0.175239 0.361328 0.062933 0.099287
4 0.217555 0.385742 0.052083 0.089521
4 0.447591 0.539551 0.067272 0.094404
4 0.448135 0.319824 0.055339 0.100908
4 0.032568 0.907603 0.055339 0.071611
4 0.286742 0.228723 0.057507 0.071216
4 0.284937 0.162148 0.055342 0.059160
4 0.390685 0.171321 0.046540 0.080601
4 0.609992 0.596489 0.038154 0.074189
4 0.700436 0.654253 0.046634 0.073135
4 0.674966 0.832244 0.076045 0.084438
4 0.652194 0.880164 0.061042 0.096021
4 0.045267 0.092944 0.044362 0.068604
4 0.066276 0.161851 0.045964 0.072100
4 0.109259 0.190645 0.058903 0.105928
4 0.322412 0.858313 0.044043 0.069800
4 0.326048 0.428816 0.052721 0.068735
4 0.406047 0.785212 0.049658 0.079087
4 0.397845 0.956855 0.036406 0.061475
4 0.238542 0.309897 0.047786 0.075811
6 0.214728 0.889485 0.062660 0.071616
4 0.082858 0.296702 0.059740 0.073979
4 0.022552 0.185547 0.045104 0.079756
4 0.061307 0.615447 0.047744 0.071060
4 0.121094 0.419800 0.056055 0.082764
4 0.149772 0.462336 0.048763 0.069790
4 0.141493 0.260093 0.049697 0.078877
4 0.143153 0.830786 0.053018 0.074658
4 0.209419 0.094397 0.055771 0.078013
4 0.218213 0.465598 0.062077 0.082993
4 0.404984 0.539331 0.054694 0.083350
4 0.025552 0.266064 0.048962 0.074414
4 0.121768 0.644155 0.068184 0.072920
4 0.068392 0.686128 0.053385 0.075869
4 0.195298 0.218997 0.051729 0.090688
4 0.280337 0.485125 0.063089 0.077896
4 0.158853 0.160146 0.063285 0.091914
4 0.278911 0.392581 0.051813 0.074604
4 0.230086 0.247273 0.058089 0.089634
4 0.355124 0.488333 0.055254 0.082485
4 0.127865 0.537505 0.052865 0.096475
4 0.083358 0.556292 0.066130 0.094419
4 0.171657 0.564702 0.058027 0.070400
4 0.178436 0.623474 0.055628 0.069751
4 0.096331 0.774321 0.059590 0.081162
4 0.103232 0.903857 0.050762 0.079199
4 0.171624 0.740562 0.054186 0.083008
4 0.200526 0.819001 0.050576 0.067368
5 0.231624 0.550081 0.056348 0.076401
4 0.244209 0.696367 0.063861 0.083340
4 0.349639 0.727498 0.078574 0.078306
4 0.467690 0.837034 0.062660 0.077007
4 0.441209 0.794475 0.043167 0.063882
4 0.511991 0.762891 0.053102 0.088281
4 0.528011 0.962427 0.056934 0.075146
4 0.536833 0.868862 0.058301 0.092354
4 0.019111 0.616741 0.035736 0.095229
4 0.022070 0.478662 0.044141 0.088086
4 0.141623 0.966465 0.053018 0.067070
4 0.437933 0.971550 0.041973 0.056899
4 0.016847 0.970149 0.033695 0.059702
4 0.097869 0.984468 0.053018 0.031064
4 0.303893 0.990435 0.049831 0.019131
4 0.113786 0.033911 0.051009 0.067822
4 0.062467 0.031526 0.050195 0.063052
4 0.016742 0.030930 0.033483 0.061860
4 0.011174 0.111157 0.022347 0.066064
4 0.958164 0.935654 0.082760 0.097344
1 0.647425 0.702295 0.059173 0.080859
4 0.563947 0.371843 0.054176 0.084731
4 0.428604 0.117302 0.061849 0.089292
4 0.734339 0.686587 0.054108 0.090264
4 0.577035 0.303435 0.060254 0.087661
4 0.726667 0.099719 0.046862 0.076499
4 0.640088 0.215657 0.056999 0.094399
4 0.705142 0.213821 0.069072 0.092671
4 0.728188 0.171394 0.080993 0.080747
4 0.779373 0.087412 0.049827 0.092207
4 0.861735 0.061851 0.051790 0.071943
4 0.809212 0.054590 0.044987 0.084277
4 0.805366 0.177031 0.052529 0.081377
4 0.816481 0.491423 0.058379 0.082778
4 0.839844 0.138665 0.059681 0.090151
4 0.880861 0.150383 0.046657 0.101255
4 0.939785 0.605730 0.049753 0.065298
4 0.919056 0.966177 0.049837 0.067646
4 0.929141 0.191235 0.048906 0.081396
4 0.944085 0.102590 0.059681 0.091792
4 0.975568 0.182012 0.048864 0.079629
4 0.364665 0.855403 0.046517 0.068882
4 0.492445 0.042927 0.067715 0.085854
4 0.514437 0.103335 0.063379 0.088447
5 0.575664 0.093640 0.055339 0.076499
4 0.612025 0.154312 0.060521 0.097197
4 0.905059 0.270300 0.059219 0.086597
4 0.735739 0.307224 0.053249 0.083589
4 0.785701 0.304702 0.057373 0.092646
4 0.832437 0.340896 0.056937 0.073286
4 0.781104 0.647400 0.054525 0.078491
4 0.747637 0.579512 0.046836 0.103770
4 0.787669 0.753252 0.058385 0.101992
4 0.834746 0.422925 0.053281 0.071533
4 0.844315 0.564126 0.064671 0.094697
4 0.976921 0.602192 0.046159 0.120322
4 0.885542 0.532009 0.063031 0.100142
4 0.970247 0.484656 0.059505 0.072241
4 0.913639 0.496853 0.049805 0.076323
4 0.864162 0.916211 0.055270 0.083877
4 0.970947 0.332385 0.058105 0.081226
4 0.217692 0.957666 0.044043 0.067187
4 0.345409 0.791387 0.061585 0.059902
4 0.973970 0.885913 0.047048 0.072500
4 0.952204 0.539492 0.051816 0.061826
5 0.915480 0.358123 0.067021 0.077505
4 0.585493 0.022800 0.063376 0.045601
4 0.702039 0.030552 0.050824 0.061104
4 0.757314 0.016560 0.050820 0.033120
4 0.977489 0.025425 0.045023 0.050850
4 0.933901 0.028408 0.046969 0.056816
4 0.972879 0.987288 0.053395 0.025425
4 0.789928 0.984739 0.053398 0.030522
4 0.665036 0.990623 0.039069 0.018755
4 0.478503 0.972725 0.036693 0.054551
4 0.469650 0.584961 0.056273 0.084961
4 0.561925 0.506731 0.056924 0.113394
4 0.571717 0.674146 0.053395 0.092139
4 0.409935 0.391936 0.054766 0.082993
4 0.941396 0.732187 0.057637 0.074297
4 0.856440 0.273372 0.046019 0.105923
4 0.410972 0.623101 0.057809 0.088076
4 0.276564 0.886060 0.051696 0.074131
4 0.357227 0.943896 0.048568 0.082715
4 0.573525 0.819409 0.057051 0.075049
4 0.630620 0.947632 0.056696 0.086963
4 0.372282 0.245190 0.061882 0.062646
5 0.284001 0.309788 0.061947 0.087749
4 0.504604 0.252217 0.064020 0.062842
4 0.486797 0.184480 0.055508 0.078335
4 0.581906 0.208296 0.052549 0.078311
4 0.736164 0.765459 0.047744 0.099355
4 0.849382 0.766689 0.054883 0.082051
4 0.812604 0.699238 0.043802 0.079648
4 0.885270 0.623689 0.053288 0.077134
4 0.987038 0.725232 0.025924 0.074292
4 0.673633 0.733008 0.056380 0.086035
4 0.689844 0.767822 0.058138 0.060742
4 0.519873 0.615901 0.046908 0.071323
4 0.662944 0.510637 0.045049 0.067837
4 0.636800 0.557339 0.051595 0.063594
4 0.783979 0.422703 0.046885 0.081577
4 0.688555 0.385308 0.057591 0.092881
4 0.894515 0.414028 0.061426 0.082646
