4 0.418615 0.723789 0.085016 0.072734
4 0.389997 0.683933 0.088652 0.083306
4 0.422087 0.588086 0.058431 0.077441
4 0.408252 0.275310 0.076204 0.055239
4 0.421549 0.211077 0.062936 0.059194
4 0.387744 0.886011 0.076855 0.057666
4 0.454437 0.957495 0.064108 0.060225
4 0.462043 0.899441 0.070576 0.055337
4 0.342363 0.230217 0.070417 0.045396
4 0.334064 0.282007 0.059150 0.071436
4 0.278662 0.309229 0.049967 0.093164
4 0.183866 0.125098 0.053955 0.044297
4 0.449447 0.044326 0.060417 0.075703
4 0.492314 0.029719 0.044538 0.058237
4 0.435537 0.131016 0.066751 0.079414
4 0.395241 0.097810 0.074036 0.059390
4 0.270848 0.520999 0.046390 0.075688
4 0.288052 0.432366 0.051631 0.084165
4 0.285363 0.045654 0.080296 0.062500
4 0.293327 0.117256 0.056055 0.066543
4 0.240646 0.127734 0.055426 0.061914
4 0.231113 0.428333 0.052083 0.073511
4 0.216883 0.300293 0.046963 0.091143
4 0.238841 0.252561 0.066191 0.071821
4 0.207212 0.689897 0.053480 0.103428
4 0.211105 0.033564 0.057673 0.063477
4 0.203063 0.473921 0.061908 0.068955
4 0.219469 0.521147 0.049082 0.065713
4 0.181989 0.827361 0.047415 0.076919
4 0.184328 0.398049 0.058623 0.079204
4 0.185589 0.086167 0.053717 0.034600
4 0.175659 0.557437 0.052132 0.082197
4 0.210026 0.593860 0.045703 0.068774
4 0.144084 0.616951 0.052913 0.084390
4 0.118114 0.557419 0.036488 0.135161
4 0.085705 0.586853 0.045127 0.085132
4 0.083525 0.067283 0.056061 0.068755
4 0.091108 0.952510 0.069827 0.075449
4 0.143843 0.931560 0.055654 0.076431
4 0.056476 0.532690 0.044795 0.072119
4 0.099674 0.897412 0.054297 0.071777
4 0.104655 0.823389 0.087109 0.050391
4 0.064141 0.868674 0.065404 0.071919
4 0.052425 0.767585 0.048535 0.062515
4 0.035174 0.610959 0.050094 0.069771
4 0.083911 0.683518 0.062712 0.100435
4 0.895182 0.095215 0.046660 0.087891
4 0.621745 0.533853 0.055339 0.102539
4 0.272201 0.627188 0.065625 0.092461
4 0.551563 0.730859 0.048177 0.064844
4 0.542160 0.534717 0.073232 0.061035
4 0.481901 0.555957 0.055208 0.062012
4 0.144059 0.040845 0.054590 0.068408
5 0.032129 0.707661 0.062565 0.081729
4 0.827909 0.148113 0.059678 0.066733
4 0.802417 0.247900 0.056117 0.057236
4 0.802977 0.191501 0.039281 0.062290
4 0.011250 0.987749 0.022500 0.024502
4 0.141341 0.987085 0.058789 0.025830
4 0.071367 0.989500 0.063385 0.021001
4 0.760018 0.940640 0.048617 0.088350
4 0.673159 0.218625 0.059209 0.064009
4 0.665278 0.293118 0.077848 0.084565
4 0.845513 0.392610 0.044977 0.072524
1 0.977425 0.345867 0.045150 0.084634
4 0.598600 0.584529 0.058008 0.076938
4 0.781673 0.606130 0.049479 0.067817
4 0.697837 0.560881 0.058955 0.072378
4 0.989403 0.884453 0.021195 0.080996
4 0.663672 0.608521 0.071549 0.069580
4 0.732542 0.474656 0.042402 0.079849
4 0.741965 0.548040 0.065374 0.070298
4 0.726340 0.691873 0.057152 0.093403
4 0.771431 0.715779 0.046768 0.075767
4 0.743271 0.641682 0.073418 0.064097
4 0.691113 0.697485 0.042448 0.059912
4 0.653532 0.679021 0.066829 0.086880
4 0.717619 0.785371 0.047021 0.081016
4 0.684570 0.811426 0.029036 0.051660
4 0.774443 0.988706 0.044733 0.022588
4 0.467319 0.986169 0.052607 0.027661
4 0.520059 0.975811 0.044349 0.048379
4 0.575586 0.969980 0.065885 0.060039
4 0.608065 0.866399 0.057764 0.083315
4 0.555125 0.856453 0.045218 0.043442
4 0.554575 0.907263 0.066188 0.066724
4 0.913818 0.848120 0.059277 0.093115
1 0.762240 0.798755 0.045247 0.075732
4 0.884090 0.782773 0.061247 0.068359
4 0.867225 0.536736 0.055524 0.062173
4 0.859678 0.484329 0.047090 0.064849
4 0.732306 0.405076 0.068851 0.052056
4 0.738802 0.364329 0.046289 0.066655
5 0.767326 0.435215 0.050863 0.062090
5 0.801909 0.425430 0.046247 0.089766
4 0.864237 0.839453 0.049958 0.082227
5 0.826286 0.818074 0.044629 0.083091
4 0.919733 0.037058 0.059557 0.071616
4 0.848960 0.067703 0.058923 0.085688
4 0.721300 0.109849 0.037542 0.053877
4 0.723857 0.059741 0.040306 0.046533
4 0.755299 0.073608 0.033678 0.043799
4 0.751107 0.110205 0.029687 0.042187
4 0.743657 0.028125 0.072126 0.056250
4 0.634071 0.190747 0.048395 0.063525
4 0.643965 0.094187 0.053542 0.085454
5 0.758553 0.222466 0.046891 0.097764
4 0.705911 0.172849 0.065391 0.075396
4 0.692275 0.113337 0.043184 0.103726
4 0.937884 0.975061 0.076055 0.049878
4 0.979147 0.659739 0.041706 0.055806
4 0.985270 0.602073 0.029460 0.078667
4 0.685651 0.970947 0.065677 0.058105
1 0.856209 0.974866 0.058480 0.048267
4 0.333219 0.408552 0.057715 0.076548
4 0.960168 0.904590 0.046898 0.080469
4 0.928156 0.679436 0.059678 0.084634
4 0.965809 0.714116 0.060830 0.073330
4 0.912326 0.923762 0.046702 0.074673
4 0.873478 0.718723 0.048096 0.066099
4 0.815452 0.711665 0.060566 0.077842
4 0.638682 0.818147 0.044121 0.064390
4 0.601758 0.684175 0.044076 0.093564
4 0.624642 0.937556 0.074154 0.070103
4 0.442217 0.473821 0.049160 0.088979
4 0.480866 0.466877 0.064375 0.074771
4 0.402834 0.471150 0.051299 0.082017
4 0.494661 0.739160 0.058203 0.078125
4 0.724136 0.590491 0.059209 0.065503
4 0.831818 0.615737 0.051533 0.062822
4 0.710539 0.957986 0.061051 0.073091
4 0.721403 0.860713 0.068783 0.070078
4 0.415316 0.373994 0.040983 0.098887
4 0.503254 0.840952 0.066800 0.061689
4 0.374723 0.553069 0.066113 0.081460
5 0.346395 0.514973 0.054704 0.084995
4 0.323879 0.480981 0.061162 0.087549
4 0.932627 0.538767 0.065540 0.060737
4 0.933916 0.606272 0.061139 0.072017
5 0.567606 0.453059 0.061468 0.077476
0 0.378341 0.344954 0.065472 0.083433
5 0.508154 0.939502 0.048991 0.072949
1 0.582471 0.344106 0.060189 0.072588
4 0.862383 0.923420 0.044961 0.068296
4 0.816209 0.938254 0.052868 0.067534
4 0.700796 0.473792 0.042679 0.074683
4 0.699658 0.888684 0.060970 0.054224
4 0.810937 0.538188 0.053125 0.089404
4 0.814626 0.790349 0.054928 0.086460
4 0.842959 0.664687 0.066621 0.062578
4 0.878260 0.601150 0.037946 0.068892
4 0.662594 0.492380 0.044720 0.086030
4 0.782583 0.503625 0.046618 0.075854
4 0.908179 0.470146 0.054020 0.073691
5 0.625939 0.759910 0.059027 0.065825
4 0.568525 0.797180 0.064382 0.064526
4 0.580843 0.654443 0.054785 0.082031
4 0.982992 0.039282 0.034017 0.078564
4 0.638255 0.030090 0.064180 0.060181
4 0.577620 0.031350 0.054915 0.062700
4 0.393317 0.018748 0.062415 0.037495
4 0.337308 0.027556 0.068366 0.055112
4 0.912280 0.377595 0.057822 0.092759
4 0.966657 0.118040 0.055514 0.073687
4 0.881252 0.308569 0.057614 0.081299
4 0.917393 0.160850 0.070592 0.088945
4 0.870952 0.230164 0.057269 0.092310
4 0.792394 0.347405 0.056162 0.070718
4 0.774867 0.311687 0.054486 0.071616
4 0.823351 0.305449 0.049001 0.076699
4 0.561914 0.129883 0.062630 0.091758
4 0.513605 0.081970 0.067510 0.079663
4 0.487977 0.156528 0.069574 0.075420
4 0.825015 0.032561 0.066768 0.065122
5 0.222054 0.190542 0.073600 0.066475
4 0.954178 0.287410 0.051976 0.077134
4 0.674744 0.741592 0.042757 0.070234
4 0.925228 0.239482 0.063997 0.098398
4 0.724089 0.252566 0.050977 0.072505
4 0.623631 0.121572 0.057946 0.059883
4 0.701445 0.328921 0.049180 0.066475
1 0.350762 0.805520 0.071510 0.094634
1 0.490996 0.259980 0.059674 0.061465
1 0.494813 0.662158 0.053929 0.077441
4 0.575028 0.220540 0.055459 0.071616
4 0.592741 0.270181 0.060026 0.073242
4 0.449938 0.379001 0.040632 0.085259
4 0.500509 0.307671 0.078493 0.083096
4 0.295508 0.363816 0.068099 0.079302
4 0.524207 0.588965 0.066169 0.063672
4 0.146538 0.291121 0.059788 0.080190
4 0.103084 0.277148 0.080648 0.100000
4 0.486133 0.391860 0.041341 0.066182
4 0.317201 0.923379 0.055234 0.092402
5 0.355806 0.163074 0.057074 0.061890
4 0.585824 0.412666 0.067090 0.060605
4 0.528298 0.484004 0.047480 0.065586
4 0.516572 0.361265 0.052793 0.068877
4 0.519238 0.208589 0.055273 0.064072
5 0.528921 0.662488 0.047555 0.078638
4 0.451188 0.620752 0.068913 0.075977
4 0.015547 0.137224 0.031094 0.076724
4 0.020589 0.071589 0.041178 0.068755
4 0.022518 0.295308 0.045036 0.074111
4 0.029227 0.364915 0.058454 0.084038
4 0.035355 0.422598 0.066732 0.078076
4 0.015788 0.504126 0.031576 0.072119
4 0.019259 0.880471 0.038519 0.078413
4 0.027350 0.945610 0.054701 0.075449
4 0.384377 0.967590 0.058376 0.064819
4 0.362365 0.923501 0.058376 0.066602
2 0.263571 0.897698 0.070208 0.093374
4 0.046712 0.031912 0.060091 0.062349
4 0.113180 0.431667 0.049733 0.083540
4 0.108810 0.362549 0.057985 0.075684
4 0.430981 0.831477 0.072054 0.060972
4 0.349821 0.653369 0.074577 0.067285
4 0.272500 0.717690 0.073255 0.069697
4 0.413221 0.790786 0.072406 0.080830
5 0.296709 0.767771 0.082168 0.060835
4 0.245706 0.947607 0.078639 0.077734
4 0.300778 0.839136 0.061009 0.061182
4 0.069027 0.226211 0.079329 0.077461
5 0.073190 0.136987 0.079336 0.062451
4 0.083128 0.179412 0.091172 0.063833
