4 0.264920 0.470376 0.046982 0.073242
4 0.123249 0.039592 0.059115 0.079185
4 0.022087 0.583008 0.044173 0.085645
4 0.013981 0.481909 0.027116 0.060205
4 0.013975 0.230410 0.027129 0.103730
4 0.224186 0.024031 0.049154 0.048062
4 0.314827 0.023291 0.052051 0.046582
4 0.840350 0.033040 0.048050 0.066079
4 0.982731 0.424189 0.034538 0.082578
4 0.983739 0.763538 0.032523 0.085571
4 0.680143 0.975244 0.068164 0.049512
4 0.517021 0.970728 0.054043 0.058545
4 0.304811 0.971499 0.062057 0.054033
4 0.155666 0.965474 0.056058 0.069053
4 0.025983 0.401592 0.049141 0.073721
4 0.465983 0.033032 0.050065 0.066064
4 0.665677 0.023291 0.071068 0.046582
4 0.631055 0.389014 0.058594 0.083984
4 0.935845 0.253091 0.071507 0.068359
4 0.228407 0.720525 0.054255 0.084019
4 0.364583 0.640706 0.064017 0.084146
4 0.873019 0.339116 0.069443 0.063477
4 0.767277 0.963220 0.046045 0.073560
4 0.099601 0.982737 0.050049 0.034526
4 0.801034 0.165642 0.075212 0.090269
4 0.024541 0.125627 0.048835 0.073354
4 0.131053 0.740266 0.055472 0.074741
4 0.633442 0.818835 0.048545 0.085278
4 0.224609 0.533855 0.051172 0.079751
4 0.831994 0.526177 0.070420 0.083008
4 0.761299 0.517019 0.071816 0.090669
4 0.709746 0.887856 0.072760 0.078125
4 0.350452 0.078325 0.046348 0.074229
4 0.665856 0.580767 0.061660 0.103799
4 0.777453 0.088704 0.069443 0.071616
4 0.954552 0.490618 0.057510 0.076499
4 0.690964 0.243804 0.055339 0.069990
4 0.458729 0.550879 0.051182 0.094531
4 0.587186 0.562988 0.050999 0.074512
4 0.374512 0.513044 0.040755 0.053501
4 0.519515 0.446841 0.069238 0.063477
4 0.210461 0.287517 0.049912 0.096187
4 0.525505 0.283586 0.046497 0.066001
4 0.578853 0.158289 0.073070 0.085669
4 0.620895 0.636975 0.052083 0.069985
4 0.162598 0.255273 0.040495 0.090527
4 0.400477 0.045637 0.051995 0.081382
4 0.925366 0.783345 0.062679 0.083213
4 0.310939 0.364304 0.056247 0.098628
4 0.304155 0.131086 0.042992 0.077993
4 0.803838 0.590720 0.072142 0.070220
4 0.503405 0.059863 0.060716 0.095312
4 0.837173 0.881873 0.062692 0.097290
4 0.697658 0.369585 0.057874 0.083008
4 0.417752 0.763345 0.053167 0.073242
4 0.843312 0.422244 0.082965 0.065103
4 0.575130 0.740508 0.052930 0.082168
4 0.487469 0.782700 0.055726 0.091924
4 0.282979 0.898684 0.050840 0.082515
4 0.348910 0.528772 0.052897 0.080347
4 0.300565 0.559897 0.046657 0.092773
4 0.060763 0.213337 0.059678 0.086509
4 0.545124 0.402253 0.034297 0.053433
4 0.549717 0.076448 0.054772 0.084507
4 0.721501 0.814014 0.064160 0.089941
4 0.636973 0.506138 0.062552 0.075908
4 0.502051 0.608628 0.067122 0.066377
4 0.168859 0.475269 0.052497 0.088037
4 0.423177 0.531414 0.044486 0.065103
2 0.492290 0.681765 0.061123 0.085493
4 0.463049 0.922737 0.059124 0.079526
4 0.427518 0.251465 0.053167 0.078125
4 0.190674 0.128770 0.050098 0.105449
4 0.304858 0.784626 0.057861 0.086265
4 0.601525 0.874048 0.049294 0.080908
4 0.661479 0.153970 0.075368 0.080537
4 0.347427 0.446201 0.072490 0.072861
4 0.489909 0.375164 0.049915 0.081382
4 0.353545 0.254160 0.063483 0.080449
4 0.549588 0.853484 0.047744 0.074478
4 0.672082 0.307617 0.047503 0.063477
4 0.528923 0.503379 0.044173 0.070391
4 0.653753 0.930176 0.045573 0.084639
4 0.461156 0.306802 0.050996 0.078125
4 0.420252 0.126008 0.062360 0.081382
4 0.112521 0.111863 0.065212 0.071616
4 0.251730 0.350872 0.055348 0.084878
4 0.330946 0.187175 0.057510 0.076499
4 0.035633 0.045571 0.051344 0.073242
4 0.706532 0.739866 0.050973 0.071616
4 0.421006 0.840657 0.055339 0.071616
4 0.248088 0.828218 0.057340 0.087891
4 0.387643 0.704753 0.065794 0.079751
4 0.200195 0.611165 0.043405 0.071616
4 0.796090 0.663711 0.061595 0.065107
4 0.919061 0.928442 0.057972 0.083008
4 0.394121 0.939309 0.045417 0.087300
4 0.499093 0.868350 0.067178 0.081367
4 0.260417 0.631511 0.053171 0.086265
4 0.861974 0.933811 0.048252 0.101313
4 0.249937 0.252517 0.054749 0.089009
4 0.785439 0.388362 0.061374 0.063804
4 0.575672 0.316570 0.052171 0.074868
5 0.104292 0.310247 0.053102 0.089272
4 0.984240 0.840857 0.031520 0.069067
4 0.815827 0.963220 0.049049 0.073560
